ProbeID Probe SYMBOL Normal-like Proliferative Pigmentation High-immune
5890445 ILMN_10232 FCHSD2 -0.179296378 -0.23346834 -0.348680106 0.793796919
4730750 ILMN_10292 TBC1D7 -0.471142686 -0.661054491 1.068625362 -0.787197523
160397 ILMN_10373 MBNL1 0.329178571 -0.581705569 -0.188454976 0.566203185
3780022 ILMN_10397 RASGRP2 -0.607560361 -0.480294483 -0.564692865 1.536483965
5720221 ILMN_10539 MARVELD2 2.5574652 -0.740977427 -0.436613804 -0.130832489
730202 ILMN_10685 CDO1 -0.444207006 -0.625996067 -0.664251444 1.711942668
6060097 ILMN_10735 TIE1 -0.445657923 -0.108482203 -0.584267572 1.181395767
6020564 ILMN_10780 STK32A -0.604390214 -2.069812562 1.841195325 -1.227966125
5310369 ILMN_10868 GZMK -0.695129166 -2.119140468 0.640318299 1.126914461
1050180 ILMN_10942 C20orf20 -0.178304573 0.780691462 -0.127593624 -0.34232005
7050706 ILMN_11001 C12orf5 -0.769945795 -0.251944428 0.689721382 -0.399398052
510240 ILMN_11179 PLXNC1 -0.637836511 -1.345854472 1.111921011 -0.213954468
5560647 ILMN_11248 APOO -0.644267632 -0.118809985 0.505861706 -0.303273088
6900341 ILMN_11307 SORT1 0.269790411 -1.212624979 0.894667152 -0.48596674
5130424 ILMN_11463 STX1A -0.999068483 1.614704942 -0.270878795 -0.361638569
4280369 ILMN_11513 SDPR 0.383485068 -1.101641306 -0.92692984 2.036284754
110577 ILMN_11535 ZNF789 -0.211304821 -0.302033644 0.598127434 -0.522930741
5260575 ILMN_11783 MREG -0.043481706 -0.973498714 1.086457952 -0.791482488
1470121 ILMN_11869 SOCS6 -0.402228231 -0.130364397 0.675128489 -0.671375262
2760239 ILMN_11871 AKR1C3 0.991064751 -0.89724346 -1.343856503 2.160216357
4010681 ILMN_1199 ZNF343 -0.255378698 0.531196682 -0.129256357 -0.099179386
2000528 ILMN_12107 SDCBP -0.911860548 -0.6738825 0.91223009 -0.312505843
2470356 ILMN_12138 LYST -1.625926346 -0.197691687 1.784227472 -1.733476853
6290626 ILMN_12161 KIAA1522 2.0901448 -0.79317883 -0.193675869 -0.196142928
2760068 ILMN_12196 SH2D3C 0.208718735 -1.300364558 -0.489902588 1.647498829
150538 ILMN_12202 TUFT1 2.182151188 -0.679474711 -0.019769587 -0.591238857
2230376 ILMN_12332 CDK2 0.044801025 -0.921323488 1.168250944 -1.000269761
1820598 ILMN_12334 ICAM2 -0.045242251 -0.717302361 -0.484571477 1.308675993
60768 ILMN_12414 IRF4 -0.376121115 -2.712592543 1.539243332 0.11311517
4780239 ILMN_12421 ANKRD47 0.243977735 -0.480406305 -0.650768343 1.208663798
3840170 ILMN_12432 DHRS3 0.172163301 -0.277706386 -0.643086757 1.073538618
1050008 ILMN_12531 TSPAN10 -0.529116088 -1.663301147 1.850416929 -1.10110882
5960184 ILMN_12589 EDNRB -1.504889654 -0.290401217 1.316643806 -0.896148837
6580280 ILMN_12618 MYO5A -0.713135704 -0.851942428 0.90499718 -0.265436232
450132 ILMN_12640 BOP1 -0.288231966 0.752412993 0.124636126 -0.631006377
6350379 ILMN_12667 CCDC69 0.182715221 -1.078358819 -0.514902382 1.520429015
3780670 ILMN_12743 SLC4A3 -0.663741679 1.935548993 -0.423035001 -0.796292468
4280458 ILMN_12826 SLC3A2 -0.607213199 -0.000134991 0.773124579 -0.80996098
4070215 ILMN_12900 PRKCB1 -0.275017679 -2.199608123 -0.134501648 1.21482164
2650369 ILMN_13048 STAB1 0.00292629 -0.541742512 -0.598125367 1.309083802
6280689 ILMN_13178 DNAH2 -3.24267914 2.778020956 -0.029477243 -0.990942714
2340110 ILMN_13440 MGC13057 -0.23299194 -1.76287602 1.225565458 -0.380457844
7560541 ILMN_13528 RORA 2.252747776 -0.426604433 -0.584065035 -0.003553276
2850647 ILMN_13555 TMEM79 2.677994075 -0.14912884 -0.366053289 -0.772082257
4200037 ILMN_137280 PTPLA -0.320365 -1.636599192 1.282967384 -0.40154482
4640053 ILMN_137329 GPR180 -0.956622763 -0.034494975 0.580681266 -0.313871068
1340465 ILMN_137523 SMOX -0.277314252 0.980119942 -0.276496767 -0.23066646
3610373 ILMN_13795 DENND2C 2.621756288 -0.570159736 -0.733898933 0.134242893
620221 ILMN_138107 TIMP2 -1.480650159 -0.721656192 1.638312787 -1.035853599
6330538 ILMN_138132 TEK 0.164590871 -0.622211746 -0.672942106 1.396969419
6980719 ILMN_138180 VWF 0.20676215 -0.846934164 -0.551058052 1.37549263
2260754 ILMN_1382 TTYH2 -1.067367405 -0.413747068 1.009553339 -0.580417972
2810270 ILMN_138334 GADD45B -0.016252277 -0.328338227 -0.579372081 1.121084213
4860524 ILMN_138374 FOXD1 -0.323717578 2.427306048 -0.497057574 -1.040177511
4670717 ILMN_138502 PGM5 1.438966168 -2.206869468 -0.622665721 1.722654256
3290471 ILMN_13859 FZD4 0.129684356 -0.556083133 -0.583489034 1.231485404
2680243 ILMN_138760 DLX1 -0.392271338 2.886424922 -0.160665653 -1.864285683
4220682 ILMN_138954 TGDS -1.000800104 0.06509914 0.632077064 -0.445365642
6960736 ILMN_138993 EDG1 0.08349558 -1.193790863 -0.553858554 1.722827675
780678 ILMN_139127 EDG6 0.057182544 -1.81380092 -0.264254804 1.687197021
1660392 ILMN_139268 SLC24A5 -0.090052538 -1.193424243 1.758493598 -1.576356611
5260131 ILMN_139310 LAD1 4.648239638 -1.34059897 -0.367309835 -1.008560025
6040008 ILMN_13961 IQGAP2 -0.265539991 -0.944251974 0.201790134 0.601064094
4880491 ILMN_1425 FOXO4 0.419031159 -0.66463195 0.141006331 0.101412943
6420020 ILMN_14271 IRX2 2.723203413 -0.296499211 -0.92588442 0.142787994
1850653 ILMN_14480 SH3GLB2 1.256595848 -0.238022698 -0.279102563 -0.070415821
6350113 ILMN_14549 C13orf15 0.349775276 -0.723688165 -0.451888579 1.055173648
2370386 ILMN_14554 RGS20 -0.851127074 -0.691126353 1.840236869 -1.862414643
3450167 ILMN_15004 SLC25A26 -0.394779501 -0.20721945 0.551668774 -0.432789582
1190575 ILMN_1503 CCND2 0.81635531 -1.276129765 -0.460118421 1.260354742
6290358 ILMN_15163 SASP 5.2040185 -0.766956801 -1.190163125 -0.416338542
4810605 ILMN_15305 ST6GALNAC2 0.582010855 -1.404837012 1.248215472 -1.017252278
5290315 ILMN_15325 EPS8L1 2.928871388 -1.315775055 0.13638495 -0.700383714
3060431 ILMN_15487 DTD1 -0.175465557 0.578727062 -0.035925892 -0.316708728
6200270 ILMN_15627 GPR143 -0.5897076 -0.868745762 1.597634309 -1.333689521
3120386 ILMN_15838 ARHGAP30 -0.022015331 -1.222606581 -0.107407475 1.147357662
3310181 ILMN_15943 NKG7 -0.762441301 -1.919781655 0.379674495 1.257619331
60600 ILMN_16044 TYR 0.145988575 -4.456654217 2.854396968 -1.49216162
6450066 ILMN_16077 AADAT -0.508824969 1.341210119 -0.282566036 -0.387164594
6370452 ILMN_16430 DLG4 -0.344297353 1.310782552 -0.670501062 0.118400728
5570673 ILMN_16565 VNN2 -1.046505799 -0.927593002 -0.080135651 1.417743158
6860300 ILMN_16585 SLC45A2 -0.060289595 -2.331665883 2.093164447 -1.352870147
7560014 ILMN_16607 MRPL44 -0.603252468 -0.114511268 0.635241624 -0.518344095
2490411 ILMN_16771 ANKRD29 0.324557097 -1.709494956 -0.843432315 1.864718656
6940286 ILMN_16782 CXCL12 0.134216755 -1.210940619 -0.553157497 1.627738475
2710452 ILMN_16833 DERA -0.081061569 -0.576253298 0.474516989 -0.191722773
4010441 ILMN_16928 GJA4 0.115892346 -0.68100953 -0.454705984 1.149900509
5290377 ILMN_17123 RABIF -0.318012478 -0.134149234 0.441477299 -0.370573979
5310079 ILMN_17248 MAP3K8 0.012341544 -0.905976468 -0.468920316 1.405948773
5220538 ILMN_17252 IL10RA -0.391645665 -1.220249014 0.014238598 1.164193587
5570431 ILMN_17272 AOC3 0.312297688 -1.10267974 -0.838199462 1.944944293
3420605 ILMN_17376 PTK2B 0.432194218 -0.997709687 -0.221631043 0.892722977
3800095 ILMN_17425 PHACTR1 -1.458381175 -0.670980648 1.369451794 -0.693941448
4810440 ILMN_17499 KLF5 4.1193361 0.760743076 -1.20428608 -1.039287474
6590523 ILMN_1753 GIMAP6 -0.12851648 -1.361619533 -0.159772385 1.392170601
3360110 ILMN_17533 FILIP1 -0.18274326 -0.652607291 -0.577000699 1.453633812
2350333 ILMN_17827 SCG2 -2.352031779 2.724368454 -0.556175492 -0.109353661
4290544 ILMN_17945 HNMT -0.301920763 -0.729026822 -0.201840819 1.040279013
6960692 ILMN_1796 DCT 1.430532343 -4.913368395 3.172274177 -1.941945402
50612 ILMN_18011 BTNL9 -0.422550795 -0.587884379 -0.910840532 2.176679341
2690537 ILMN_18149 HLA-B 0.212047722 -1.267820276 0.081161815 0.782126745
3850678 ILMN_18317 LYL1 -0.163960984 -0.764842387 -0.288408407 1.122318732
1050484 ILMN_1846 SDC1 2.609736338 -0.469752069 -0.325226939 -0.539058237
3180187 ILMN_18546 BNIPL 5.644437313 -0.862739051 -1.039835445 -0.864405805
7150240 ILMN_18563 ERCC1 -0.667357321 0.892709819 -0.080886659 -0.239610227
3990215 ILMN_18769 RASGRP3 -0.141327498 -0.931034603 -0.197252145 1.109505535
7570075 ILMN_18773 STARD5 1.891841175 -0.993460492 -0.169777513 0.034793383
1510008 ILMN_18872 TAPBP 0.379842733 -0.736415596 0.127318406 0.199816076
510577 ILMN_1890 KRT10 3.866496338 -0.736283423 -0.414676175 -0.864912902
5550474 ILMN_18989 CLTB 1.344758785 -0.515919726 -0.17317938 -0.050472489
1470681 ILMN_1899 HOP 4.746141663 -2.493467904 -0.732954626 0.538498831
6420762 ILMN_19018 MARS2 -0.399781383 -0.032126185 0.575412264 -0.605020305
4260338 ILMN_19133 SYNGR1 -0.202394726 -0.354234438 1.140849238 -1.28191417
2230661 ILMN_19243 LCK -0.559980064 -1.39708705 0.192366266 1.134188507
6960022 ILMN_19248 PTGDS 2.019420064 -2.317425842 -0.216504177 1.080022437
6250445 ILMN_19344 SPRY2 -1.000303586 1.266832608 0.168645981 -0.727318301
5570181 ILMN_19406 SP140 -0.669464578 -1.47810958 0.291983977 1.111292316
7160669 ILMN_19412 APBB1IP -0.677271843 -0.990968188 -0.231637021 1.493720466
7200292 ILMN_19423 IL3RA -0.002359381 -0.530082933 -0.304298732 0.871629476
4850754 ILMN_19584 C5orf22 -0.382805468 -0.379593248 0.657646895 -0.456711265
3180327 ILMN_19685 CHCHD6 -0.017766813 -1.122212766 1.454827867 -1.226501611
5910139 ILMN_19878 PRMT1 -0.307255064 0.57904601 0.033265607 -0.348156987
2970682 ILMN_19881 IMPA2 2.267914788 -0.644053156 -0.484170057 0.015804162
1230632 ILMN_19893 TNFRSF1B -0.266019696 -0.859610519 -0.177937454 1.090540523
1660091 ILMN_2004 CD19 -1.1256787 -2.856674505 0.450112005 1.94501674
4560487 ILMN_20138 SOX13 -0.465397261 -0.940223539 0.957970367 -0.404632569
6510202 ILMN_20406 CLIC3 3.794139488 -1.530147359 -1.10594675 0.646892524
1980692 ILMN_20416 GIMAP1 -0.21150875 -1.317955863 -0.230902243 1.505826076
4560242 ILMN_20448 CPA2 -1.398777028 -2.348745872 1.710227481 -0.972772366
4040470 ILMN_20483 GPNMB 0.011436942 -1.13230737 0.864403843 -0.368046117
7330093 ILMN_20550 HLA-DRB1 3.091403175 -3.379373645 -0.027027415 0.869099267
6220014 ILMN_20560 KRT31 1.899963684 -0.40273617 -0.165031114 -0.449079418
990292 ILMN_20564 SLC9A5 -0.317798175 1.288698293 -0.481992656 -0.154543705
3190735 ILMN_20695 FRAG1 0.951221309 -0.064122609 -0.033964114 -0.406205916
1510390 ILMN_20716 SLC9A9 0.616253417 -1.193676735 -0.409040178 1.226198499
6590148 ILMN_20806 CLDN5 0.561585341 -1.51739146 -0.941326912 2.295013685
7650379 ILMN_2086 TMEM154 3.008716313 -1.004283185 -0.695415296 0.218720251
1260497 ILMN_20864 TMEM166 -0.963402184 -0.510450411 1.22810095 -0.879039968
2340632 ILMN_20882 ATP8B4 0.160955505 -1.077763824 -0.366405085 1.313762279
6330315 ILMN_20946 DST 4.036250625 -0.32950182 -0.702781218 -0.858319725
1240739 ILMN_20950 CDS1 3.408703238 -1.262086209 -0.507250576 -0.148477774
6840647 ILMN_20958 RAPGEFL1 3.268658 -0.035245343 -0.762823959 -0.596279547
1500706 ILMN_21207 GAB3 -0.631253368 -0.699169973 -0.270837787 1.293233207
4760307 ILMN_21261 PPFIBP1 -0.306774896 0.823865612 -0.022044304 -0.46314757
2750128 ILMN_21265 MDM2 -0.447927705 -0.6204975 0.844073049 -0.502681082
6280333 ILMN_21397 MLLT11 -0.688068219 1.700671598 0.082921593 -1.115185941
6330754 ILMN_21400 STARD10 1.386363173 -0.351479135 -0.135125331 -0.260026581
2680500 ILMN_21408 C1orf106 4.083972675 0.327582622 -0.947194034 -1.102637319
6380753 ILMN_21453 IL33 1.02312413 -1.729032778 -0.51229914 1.588932121
2070487 ILMN_21540 NINJ1 0.081386994 -0.7064761 0.315840367 0.058541943
3310441 ILMN_22071 BMP2K 0.26164416 -0.75799069 -0.02968435 0.510386055
2710187 ILMN_22077 CAMK2N1 0.042085875 1.343710587 -0.514449341 -0.342888608
2370477 ILMN_22078 MYOM1 0.09197789 -0.734349033 -0.630294935 1.462856892
5960446 ILMN_22092 ITPA -0.31726963 0.610411728 -0.008384943 -0.306820996
450114 ILMN_2211 GIMAP7 -0.213043966 -1.483120655 -0.209446395 1.607308007
6250577 ILMN_2215 FLJ38482 -0.358572553 -0.402205516 0.534864244 -0.271464422
5900463 ILMN_22185 IKZF1 -0.018906837 -1.487520538 0.007314356 1.189372372
1770070 ILMN_22189 TGFBR2 0.004874931 -0.515202296 -0.373511934 0.957379397
4150278 ILMN_22311 CTNNBIP1 1.39743611 -0.339755229 -0.132569408 -0.279059915
270400 ILMN_22323 PLCL2 -0.208429874 -0.707204607 -0.331214545 1.162707583
1110228 ILMN_2235 SNCA -0.536051538 -1.364926448 1.725255599 -1.1525397
6650348 ILMN_22377 CTSL2 3.038431105 -0.417892473 0.096111644 -1.427146438
6590437 ILMN_22539 CNFN 4.489111425 -1.124313255 -0.450538092 -0.833952854
5720327 ILMN_2257 UNC5CL 0.139843563 -1.523251308 0.437854517 0.327921267
6860370 ILMN_2260 LOC728069 -0.212468088 -0.386251836 -0.344610146 0.927746018
10113 ILMN_22613 EDNRB -1.491586385 -0.34663183 1.384013313 -0.957067899
160189 ILMN_22614 PAX3 -1.773542496 0.117715802 1.202222675 -0.976653556
2030739 ILMN_22620 TGFBR3 0.984524828 -1.193277826 -0.231620976 0.769253145
650131 ILMN_22637 INPP4B -0.692544659 -0.76863112 0.983319943 -0.45794047
5050372 ILMN_22734 FLI1 -0.100547393 -0.780315313 -0.335827408 1.170424364
4560398 ILMN_22830 MLANA 0.783124111 -5.210895418 2.825841227 -1.656572563
2340541 ILMN_22960 FGFR3 5.761424738 -1.019185304 -1.231769935 -0.450815676
830445 ILMN_23002 ANKRD39 -0.659693551 -0.199364725 0.677901133 -0.482926697
5870482 ILMN_23047 RSPO3 0.211482278 -1.823413013 -0.717988828 2.398990093
1440474 ILMN_23209 DPT 0.997159464 -1.699706005 -0.790317264 1.987078327
380400 ILMN_23211 PDK4 -0.769785438 -0.370379889 -0.710663735 1.749163017
2000497 ILMN_23267 LYPD3 5.025537075 -1.454568737 -0.718327247 -0.46308482
3190292 ILMN_2335 TAGLN 0.391065079 -0.784815188 -0.716112799 1.469582877
2320292 ILMN_23388 TUBB4 -0.6538551 -2.045411125 1.826737253 -1.132532467
610273 ILMN_23543 OPTN 0.711083726 -0.971221471 -0.076617103 0.510104264
4250500 ILMN_23607 C1orf85 -0.407009114 -0.395121498 0.70538696 -0.501398772
7610593 ILMN_23654 IFT81 -0.595248693 0.085354299 0.788293711 -0.906981626
5560128 ILMN_2375 PPP1R13L 2.551776375 -0.102846702 -0.752434802 -0.175099043
3140603 ILMN_23772 ARHGAP24 0.194959169 -1.370640107 0.240647847 0.63958371
5910523 ILMN_2383 GGTLA1 0.240041184 -0.509595424 -0.588186259 1.142327591
3190382 ILMN_23974 STX7 -1.052989508 -0.523090731 0.752307668 -0.123317546
6020307 ILMN_23984 CXADR 4.3268553 0.174680254 -0.845823424 -1.206859376
6940543 ILMN_24016 CCL15 0.966542544 -2.248651052 -0.900738956 2.604515263
620181 ILMN_24156 SYT15 0.304986238 -0.195930519 -0.641904284 0.935544699
5910129 ILMN_2416 GMPR 0.172177633 -1.661565075 1.708698883 -1.268667775
5080398 ILMN_24216 TLR1 -0.359847612 -0.858633329 0.112534232 0.713775221
60280 ILMN_24240 CD3E -0.358283924 -1.843639616 0.178288274 1.29348348
5290575 ILMN_24248 WWTR1 -0.425826191 1.188386548 -0.006715585 -0.713752433
2630278 ILMN_24333 LOC441376 0.070597834 1.635828971 -0.393545856 -0.769114767
4810044 ILMN_24374 BSPRY 1.775620525 -0.634478323 -0.176547484 -0.180478624
5570500 ILMN_2447 ALDH3B2 5.728020088 -4.38841245 -0.750270244 -1.497871946
1510711 ILMN_24537 CCDC120 1.389438135 0.160088403 -0.305384321 -0.421207363
5260646 ILMN_24691 PKNOX2 -0.970962964 -0.516730171 1.10224357 -0.685392865
1050431 ILMN_2472 PAX3 -1.233953294 0.163865178 1.390795944 -1.620876086
6620296 ILMN_24730 CYP46A1 -0.637505144 -0.228350545 -1.506280876 1.828126653
7330615 ILMN_24807 C12orf24 -0.936589748 0.862678744 0.040319447 -0.249763669
3310437 ILMN_2487 RAD51C -0.761587283 0.073120872 0.529638565 -0.429120065
6860341 ILMN_24990 TMEM176A -0.082120372 -0.954279054 -0.224977928 1.137188357
130609 ILMN_25010 UBL3 -0.176933458 -0.780686101 0.832638232 -0.502289311
2600747 ILMN_25446 SLC7A5 -0.552909914 -0.291785272 1.263567071 -1.324918176
7560333 ILMN_25660 DARC 1.722940925 -2.379727946 -0.86617721 2.255273788
380240 ILMN_25780 PCDH7 -0.594226319 -0.336101498 1.202418918 -1.17774585
5810086 ILMN_25882 STAP2 1.980944225 -0.284472668 -0.001882548 -0.826164392
6520082 ILMN_25898 MOSPD1 -0.071904428 -0.28667979 0.569712773 -0.56788581
1710279 ILMN_25922 BANK1 -0.438199389 -1.310382947 -0.371100287 1.826293134
1710286 ILMN_25964 MFNG -0.059210683 -1.146821433 -0.221092333 1.27330499
70538 ILMN_26066 LOC338328 0.292130298 -1.406814658 -0.764882504 2.09147649
7610039 ILMN_2607 JUP 3.279629375 -0.72414786 -0.720542905 -0.113021097
4230653 ILMN_26146 ADCY4 0.551762909 -0.914223992 -0.807833048 1.62192742
1470242 ILMN_26189 WDFY1 -0.096792803 -0.489202728 0.603421642 -0.44203342
5820553 ILMN_26219 MGC23985 5.508997975 -0.436711525 -1.775302692 -0.59741141
3390689 ILMN_2622 ANKRD28 -0.449105116 -0.708719228 0.941172135 -0.573887646
780243 ILMN_26360 EPAS1 0.239087224 -0.799278097 -0.448839704 1.170207532
6330672 ILMN_26606 ANXA5 -0.639837988 -0.190452779 0.712205576 -0.550959024
3390010 ILMN_26617 REP15 -0.112157386 1.138109213 -0.230188309 -0.513060625
2370554 ILMN_26643 SDCBP2 2.401072421 -0.081452831 -0.73007549 -0.193303984
6380524 ILMN_26767 IL20RB 4.180254175 -0.493101252 -0.967350885 -0.41620653
5080193 ILMN_26906 GIMAP4 -0.247156495 -1.14738169 -0.100733217 1.197464185
2000167 ILMN_26976 CABLES1 -0.040774579 -1.314875821 1.193621163 -0.676997311
6960746 ILMN_27010 GIMAP5 -0.067247469 -1.375717446 -0.235156721 1.481335869
2360458 ILMN_27091 TMEM14B -0.491216947 -0.137093331 0.402445225 -0.218595968
7000241 ILMN_27124 C6orf218 -1.21376425 -1.097848923 1.888178161 -1.489379733
3940731 ILMN_2717 OAS1 0.771759744 -1.315447648 0.164993651 0.398762323
5310192 ILMN_27171 EGLN3 2.21186302 -0.63368633 -0.319937404 -0.203469634
7330019 ILMN_27214 CASZ1 2.83405285 -1.432303155 -0.347175864 0.048052019
110228 ILMN_27413 PROM2 4.719533975 -0.027658409 -1.56319785 -0.202267897
1240037 ILMN_27419 TRIM63 -0.362491813 -2.711220247 2.526122783 -1.438580363
840427 ILMN_27440 SLC40A1 -0.105329422 -0.774670239 -0.49516051 1.402147339
2850500 ILMN_2749 GBP4 -0.487214826 -1.487647651 0.358240206 0.924546974
7200682 ILMN_27692 TDRD7 -0.308287745 -0.841848614 0.804955009 -0.34270163
6550500 ILMN_27934 EBF1 0.433691209 -0.658081878 -0.793896627 1.459545278
7400577 ILMN_2796 PAX3 -0.661024713 -0.118554468 1.419526739 -1.886056777
4010491 ILMN_28021 BTK -0.1807716 -1.028270387 0.112309493 0.754307215
4220274 ILMN_28039 SPINT2 2.730112863 -1.42598551 -0.598206566 0.562097894
6400661 ILMN_28089 C20orf160 0.539310275 -1.193603225 -0.561829328 1.491266763
7320079 ILMN_28428 C9orf95 0.29124826 -0.795501888 -0.055151883 0.561958494
4390273 ILMN_28493 CYP4F12 3.974588275 -1.941764912 -1.848812152 1.140598966
6100458 ILMN_28588 ZNF202 -0.672364406 0.81095513 -0.118439707 -0.116458186
3400356 ILMN_28652 KCNG1 -0.656401863 2.035888472 -0.282772273 -0.863897139
6370110 ILMN_28857 MYO10 -0.29894349 -0.425690132 1.023066545 -1.000509032
6580551 ILMN_28977 FILIP1L 0.638242123 -1.237984133 -0.64580939 1.597178588
7000768 ILMN_29004 LAX1 -0.267212871 -1.673419146 0.18171422 1.21473468
3140280 ILMN_29038 RCSD1 -0.469603522 -1.093527302 -0.05241188 1.202147798
7160546 ILMN_29144 PCID2 -0.456680779 0.51239593 -0.024596806 -0.130278327
4250452 ILMN_29191 GMFG -0.296789356 -0.694118226 -0.400908276 1.301580998
2100020 ILMN_29352 DMKN 5.670086638 -1.839266543 -0.128003462 -1.364894633
1340170 ILMN_29470 RFTN1 0.244474361 -0.78240947 -0.387486029 1.063854115
7210551 ILMN_29549 NOTCH4 -0.047487415 -0.297714345 -0.511651333 1.013920025
3290242 ILMN_2961 TMEM134 1.270368935 -0.328515501 -0.171724183 -0.16285553
3370246 ILMN_29650 USP48 -0.685793023 -0.12866115 0.563901803 -0.358370753
7210373 ILMN_29672 SLC45A2 0.106956781 -2.231992941 2.094714992 -1.343697727
1440296 ILMN_29988 HLA-DQB1 0.398214895 -1.872794417 0.063591748 1.192586327
2970709 ILMN_3001 PTGS1 2.461853988 -0.742475535 -0.772496888 0.413987026
1340497 ILMN_30050 FZD8 -0.240431004 2.307400594 -1.785002823 0.236934529
5050673 ILMN_30168 TMEM45A 3.186856513 -0.219712929 -0.737943558 -0.441569228
4210008 ILMN_30275 IFIH1 0.119212944 -0.981546796 0.268898522 0.327272683
6560392 ILMN_30280 GLTP 1.827677606 -0.351346708 -0.362881084 -0.161458433
1820343 ILMN_30351 LGALS7 8.262711163 -0.388652831 -1.67560102 -1.939452581
5260201 ILMN_30356 GCNT2 -0.338122028 -0.865138476 1.15708795 -0.824619735
5490358 ILMN_3062 CDK6 -0.473583756 0.973494055 0.034134391 -0.576281042
4250543 ILMN_30669 LOC650919 -0.083403176 -1.449530683 -0.359064263 1.58622321
2450014 ILMN_30799 LOC646064 0.43362692 -1.407412119 -0.8610037 1.753665735
6590689 ILMN_3195 GSTO2 3.433542113 -0.298474571 -0.866584068 -0.321452865
6770017 ILMN_3294 B3GALT4 0.77789622 -0.794616889 -0.187358781 0.495608355
730538 ILMN_3315 GPR116 -0.06348981 -0.444397859 -0.532632188 1.170573429
20056 ILMN_3424 EXOC2 -0.472590777 -0.268551868 0.506043326 -0.275306979
540523 ILMN_34332 PPM1H -0.308493379 -1.509159874 1.147938784 -0.311785869
5310762 ILMN_34353 RGAG4 -0.53506289 1.160572481 -0.710732577 0.39931669
6840092 ILMN_3516 SNCA -0.600878879 -1.583708807 1.899769956 -1.19889367
1580100 ILMN_36088 KIAA1345 -1.297985788 0.313497848 1.066673913 -1.122994229
510192 ILMN_3629 KRT80 5.210524913 -0.427288621 -0.860512965 -1.17502997
4780400 ILMN_3633 SACS -0.78666095 1.127608513 -0.067462271 -0.383589649
60711 ILMN_36687 LOC646675 -0.991998045 -0.112010652 0.781482766 -0.527500562
2260685 ILMN_37195 LOC388564 1.91443485 -1.212307871 -0.099981707 0.095454172
1340026 ILMN_37820 LOC650803 2.563659525 0.277554188 -0.468178527 -0.902666573
520008 ILMN_3812 AP1S2 -1.283110181 -0.178705038 0.907480843 -0.503682447
4810452 ILMN_3857 MIR16 0.289780373 -0.441488583 0.028039793 0.157516319
1690273 ILMN_3908 ADD3 0.504251693 -1.028148203 -0.002542732 0.557313716
4570544 ILMN_39594 LOC284023 2.130335475 0.077092547 -0.398799513 -0.612946964
5050181 ILMN_39876 FLJ90086 2.478330165 -0.680908407 -0.49219362 -0.055165374
6040601 ILMN_4045 CTH -0.849287438 -0.342728171 0.822296869 -0.478899638
2450373 ILMN_40984 GPSM1 -0.094070057 0.927643457 -0.101503881 -0.543071726
1010221 ILMN_41832 LOC730063 -0.592840426 -0.05999698 0.521972418 -0.40138043
360671 ILMN_4207 MMD -0.248627525 -0.043838759 -0.532777678 0.949079577
4920730 ILMN_4220 H2AFZ -0.416033129 -0.143306516 0.778343021 -0.805040263
3120735 ILMN_4224 LTB4R 1.93598987 -0.292612379 -0.54840046 0.005882564
2230382 ILMN_4260 DOCK11 -0.506589526 -0.353433416 -0.432713719 1.187574578
1260025 ILMN_42877 C6orf189 0.138479036 -1.06728818 -0.492990842 1.503028228
6900411 ILMN_43196 SHANK3 0.053378345 -0.367128329 -0.458402796 0.937558329
2940068 ILMN_4328 ERRFI1 -0.407050956 2.03316522 -1.045523168 0.123995645
6330703 ILMN_436 MITF -0.447324213 -1.747609867 1.554715801 -0.643589175
1050328 ILMN_43862 LOC641700 -0.32989899 -0.556258561 -0.402266697 1.210944086
650167 ILMN_4512 PERP 3.79394065 -0.133780086 -0.680632324 -0.918150264
3840168 ILMN_4600 GNB3 -0.057545298 1.329517211 -0.643952466 -0.088459278
540634 ILMN_4641 HLA-DPB1 -0.175324304 -1.176193022 -0.005993212 0.964837964
1780484 ILMN_4643 IFI35 -0.022348754 -0.753627245 0.208763461 0.308634718
3990477 ILMN_4648 PDE1B 0.259261673 -0.791230886 -0.715924412 1.544734359
2760470 ILMN_472 SNRPB2 -0.599939173 0.878330446 -0.05215689 -0.306200026
7560441 ILMN_4849 LMO2 0.337408959 -0.498450546 -0.571955819 1.057677477
5810164 ILMN_5029 CBS -0.602021949 1.688787128 -0.049826115 -0.956873039
1030524 ILMN_5067 COL17A1 6.071187763 -0.650242337 -1.297696233 -0.81448524
2490204 ILMN_5125 ZNF273 1.812171881 -0.164143942 -0.383618165 -0.272536554
5090484 ILMN_5200 SCN4A -0.821463746 -0.152481477 -0.849568139 1.785801639
4900609 ILMN_5270 REM1 0.0957396 -0.572248586 -0.725851265 1.471319537
4250360 ILMN_5566 KRT17 5.394771538 -0.970578096 -0.983165246 -0.658773314
610603 ILMN_561 PIGY -0.238351776 -0.416078717 0.556051046 -0.355557612
2810196 ILMN_5682 C3 0.582052433 -1.992725697 -0.433610837 1.919715151
430670 ILMN_5692 ACVRL1 0.343465949 -0.46794501 -0.505164406 0.932081989
5080554 ILMN_5697 SCNN1A 4.770218838 -0.777187271 -1.302713907 -0.011719836
2490543 ILMN_5752 C10orf57 1.222750873 -0.281743372 -0.201119743 -0.131763472
7380446 ILMN_5782 GPR34 -0.432705879 -0.775228296 -0.25174813 1.220189737
6200615 ILMN_5842 MBNL2 0.198270154 -0.656516182 0.204321822 0.119796873
4230133 ILMN_5986 EBI2 -0.225580086 -1.574974449 -0.222543669 1.706686246
1110041 ILMN_6029 ACSL5 -0.023600169 -1.426732197 -0.17424975 1.409538756
1190441 ILMN_6140 C4orf34 0.281519951 -0.5511694 -0.08728868 0.418814954
1980538 ILMN_6305 ZFP106 -0.534583827 -0.729131018 0.843983153 -0.369425697
5090242 ILMN_6373 PLVAP 0.258249578 -0.619790708 -0.458614442 1.030733932
2060008 ILMN_6374 DEGS1 1.129028349 -0.120071724 -0.167944097 -0.259773057
380538 ILMN_6381 CDH5 0.194321554 -1.042270497 -0.518375062 1.490461755
4490551 ILMN_6504 PPL 3.81474675 0.025667453 -1.637346148 -0.093029928
6860129 ILMN_6597 PCSK5 0.493382506 -0.827212235 -0.744905404 1.491160347
3990296 ILMN_6606 CA4 0.314128978 -1.745900756 -0.793931976 2.118438985
2340056 ILMN_6622 PTGER2 -0.180258736 -1.112598456 -0.23594087 1.316534047
60255 ILMN_681 MAP7 2.6289847 -1.165597064 -0.51112069 0.27999612
1940551 ILMN_6837 ZNF185 2.054161423 -0.633056161 -0.327324478 -0.109031888
4540487 ILMN_6869 GIMAP8 0.092142657 -1.146043961 -0.360437811 1.396334537
2710097 ILMN_7185 SLAMF7 -0.564165714 -1.666660392 0.628484284 0.712439798
270575 ILMN_7221 FBXW7 1.157888173 -0.48285635 -0.162799863 0.007517832
4570754 ILMN_7560 ARRDC2 -0.089093842 -0.332940703 -0.308572275 0.766441949
4540347 ILMN_7567 LAD1 4.609271225 -0.768378853 -0.669361476 -0.913070061
1240491 ILMN_7827 SELP 0.47244842 -2.439553521 -0.530578651 1.73043565
4810377 ILMN_7862 PECAM1 0.005534581 -0.996872279 -0.359124307 1.321261721
6370377 ILMN_7868 SPRR1A 3.933994425 -0.91143052 -0.461261411 -0.692469174
4050209 ILMN_7876 POFUT1 -0.392197865 0.524579672 -0.031855674 -0.163769862
2710577 ILMN_7892 NCF4 -0.462062759 -0.894819844 -0.1949933 1.248279593
2680465 ILMN_7905 SLC16A4 -1.207637503 -0.429727189 1.077471153 -0.592435982
4150253 ILMN_7928 FAM110A 1.409294 -0.106735512 -0.415413152 -0.056962414
4900725 ILMN_8153 CCL16 0.069500073 -0.934278271 -0.517087451 1.468750799
150672 ILMN_8388 KLK10 1.273581736 -0.189749237 -0.096898892 -0.385325816
3370594 ILMN_856 CAMK2B 0.602339299 1.849362178 -0.769395842 -0.67229008
7330148 ILMN_8597 GALNAC4S-6ST -0.067539834 -0.478095259 -0.416353423 1.029149177
670564 ILMN_8628 PTPRH -1.934487686 2.495906433 -0.276612066 -0.638766817
1240181 ILMN_8703 SH2D3C -0.156665145 -0.815503961 -0.401204272 1.324390813
4860315 ILMN_8863 HSF2BP -0.614356693 1.170565685 0.074588321 -0.718191872
4490110 ILMN_8987 BCAS3 -0.182372056 -1.235034582 0.871714572 -0.193221991
6020685 ILMN_9232 OSBPL9 -0.747925919 -0.341927145 0.529232745 -0.103772481
2600215 ILMN_9299 D4S234E 1.266883253 -2.698956584 2.138152065 -1.832392627
6290367 ILMN_9317 S100A13 -0.990712204 -0.568518813 1.449050258 -1.142078933
1990672 ILMN_9331 TSNAX -0.742048255 -0.087311346 0.640121866 -0.473237252
1690196 ILMN_9350 P2RY13 0.10789667 -1.287504097 -0.155240184 1.200143968
1660220 ILMN_9512 SILV 1.176193201 -5.001582 3.127888201 -1.213607009
940435 ILMN_9568 ASB9 -0.604532386 -0.970374469 1.196971115 -0.656840793
4860601 ILMN_9709 ZNF366 -0.051902814 -0.689680358 -0.381466066 1.138909372
6980392 ILMN_9774 TRIM29 4.484795575 -1.170929863 -1.082152399 0.059866197
6940110 ILMN_9781 ELOVL4 3.551812625 0.324974288 -1.107795026 -0.529513479
20553 ILMN_9813 LRMP -0.120060121 -1.159422103 -0.311919094 1.449051132
2970671 ILMN_9959 SGCD -0.737600177 -1.020873357 1.277077733 -0.662961938
5290537 ILMN_9994 KLF2 0.106592589 -0.556402705 -0.502153201 1.124764115
7570196 ILMN_9996 ICOS -0.349296373 -2.208939174 0.568609843 0.972219189